2         ACT       0         0         1
50        RD        0         0         1
1002      ACT       1         0         2
1050      RD        1         0         2
2002      ACT       2         0         3
2050      RD        2         0         3
3002      ACT       3         0         4
3050      RD        3         0         4
4002      ACT       0         1         5
4050      RD        0         1         5
5002      ACT       1         1         6
5050      RD        1         1         6
6002      ACT       2         1         7
6050      RD        2         1         7
7002      ACT       3         1         8
7050      RD        3         1         8
8002      ACT       0         2         9
8050      RD        0         2         9
9002      ACT       1         2         a
9050      RD        1         2         a
10002     ACT       2         2         b
10050     RD        2         2         b
11002     ACT       3         2         c
11050     RD        3         2         c
12002     ACT       0         3         d
12050     RD        0         3         d
13002     ACT       1         3         e
13050     RD        1         3         e
14002     ACT       2         3         f
14050     RD        2         3         f
15002     ACT       3         3         10
15050     RD        3         3         10
16010     RD        0         0         10
17010     RD        1         0         f
18010     RD        2         0         e
19010     RD        3         0         d
20010     RD        0         1         c
21010     RD        1         1         b
22010     RD        2         1         a
23010     RD        3         1         9
24010     RD        0         2         8
25010     RD        1         2         7
26010     RD        2         2         6
27010     RD        3         2         5
28010     RD        0         3         4
29010     RD        1         3         3
30010     RD        2         3         2
31010     RD        3         3         1
32026     PRE       0         3
32074     ACT       0         0         0
32122     RD        0         0         10
33026     PRE       1         0
33074     ACT       1         0         1
33122     RD        1         0         f
34026     PRE       2         0
34074     ACT       2         0         2
34122     RD        2         0         e
35026     PRE       3         0
35074     ACT       3         0         3
35122     RD        3         0         d
36026     PRE       0         0
36074     ACT       0         1         4
36122     RD        0         1         c
37026     PRE       1         1
37074     ACT       1         1         5
37122     RD        1         1         b
38026     PRE       2         1
38074     ACT       2         1         6
38122     RD        2         1         a
39026     PRE       3         1
39074     ACT       3         1         7
39122     RD        3         1         9
40026     PRE       0         1
40074     ACT       0         2         8
40122     RD        0         2         8
41026     PRE       1         2
41074     ACT       1         2         9
41122     RD        1         2         7
42026     PRE       2         2
42074     ACT       2         2         a
42122     RD        2         2         6
43026     PRE       3         2
43074     ACT       3         2         b
43122     RD        3         2         5
44026     PRE       0         2
44074     ACT       0         3         c
44122     RD        0         3         4
45026     PRE       1         3
45074     ACT       1         3         d
45122     RD        1         3         3
46026     PRE       2         3
46074     ACT       2         3         e
46122     RD        2         3         2
47026     PRE       3         3
47074     ACT       3         3         f
47122     RD        3         3         1
