2         ACT       0         0         0
50        RD        0         0         0
106       ACT       0         1         0
154       RD        0         1         0
226       RD        0         0         0
298       RD        0         0         0
370       RD        0         0         0
442       RD        0         0         0
514       RD        0         0         0
586       RD        0         0         0
658       RD        0         0         0
714       ACT       1         0         0
762       RD        1         0         0
834       RD        1         0         0
906       RD        1         0         0
978       RD        1         0         0
1050      RD        1         0         0
1122      RD        1         0         0
1194      RD        1         0         0
1266      RD        1         0         0
1322      ACT       2         0         0
1370      RD        2         0         0
