2         ACT       0         0         1
50        WR        0         0         1
1002      ACT       1         0         2
1050      WR        1         0         2
2002      ACT       2         0         3
2050      WR        2         0         3
3002      ACT       3         0         4
3050      WR        3         0         4
4002      ACT       0         1         5
4050      WR        0         1         5
5002      ACT       1         1         6
5050      WR        1         1         6
6002      ACT       2         1         7
6050      WR        2         1         7
7002      ACT       3         1         8
7050      WR        3         1         8
8002      ACT       0         2         9
8050      WR        0         2         9
9002      ACT       1         2         a
9050      WR        1         2         a
10002     ACT       2         2         b
10050     WR        2         2         b
11002     ACT       3         2         c
11050     WR        3         2         c
12002     ACT       0         3         d
12050     WR        0         3         d
13002     ACT       1         3         e
13050     WR        1         3         e
14002     ACT       2         3         f
14050     WR        2         3         f
15002     ACT       3         3         10
15050     WR        3         3         10
16010     WR        0         0         10
17010     WR        1         0         f
18010     WR        2         0         e
19010     WR        3         0         d
20010     WR        0         1         c
21010     WR        1         1         b
22010     WR        2         1         a
23010     WR        3         1         9
24010     WR        0         2         8
25010     WR        1         2         7
26010     WR        2         2         6
27010     WR        3         2         5
28010     WR        0         3         4
29010     WR        1         3         3
30010     WR        2         3         2
31010     WR        3         3         1
32042     PRE       0         3
32090     ACT       0         0         0
32138     WR        0         0         10
33042     PRE       1         0
33090     ACT       1         0         1
33138     WR        1         0         f
34042     PRE       2         0
34090     ACT       2         0         2
34138     WR        2         0         e
35042     PRE       3         0
35090     ACT       3         0         3
35138     WR        3         0         d
36042     PRE       0         0
36090     ACT       0         1         4
36138     WR        0         1         c
37042     PRE       1         1
37090     ACT       1         1         5
37138     WR        1         1         b
38042     PRE       2         1
38090     ACT       2         1         6
38138     WR        2         1         a
39042     PRE       3         1
39090     ACT       3         1         7
39138     WR        3         1         9
40042     PRE       0         1
40090     ACT       0         2         8
40138     WR        0         2         8
41042     PRE       1         2
41090     ACT       1         2         9
41138     WR        1         2         7
42042     PRE       2         2
42090     ACT       2         2         a
42138     WR        2         2         6
43042     PRE       3         2
43090     ACT       3         2         b
43138     WR        3         2         5
44042     PRE       0         2
44090     ACT       0         3         c
44138     WR        0         3         4
45042     PRE       1         3
45090     ACT       1         3         d
45138     WR        1         3         3
46042     PRE       2         3
46090     ACT       2         3         e
46138     WR        2         3         2
47042     PRE       3         3
47090     ACT       3         3         f
47138     WR        3         3         1
