2         ACT       0         0         0
50        RD        0         0         0
122       RD        0         0         0
178       ACT       0         1         0
226       RD        0         1         0
298       RD        0         0         0
13026     PRE       0         0
13074     ACT       0         0         1
13122     RD        0         0         0
13178     ACT       1         0         1
13226     RD        1         0         0
13298     RD        1         0         0
13378     PRE       0         0
13426     ACT       0         0         0
13474     WR        0         0         0
13530     WR        0         0         0
13594     WR        0         1         0
13658     WR        0         0         0
13746     PRE       0         0
13794     ACT       0         0         1
13842     WR        0         0         0
13898     WR        1         0         0
13962     WR        1         0         0
14010     ACT       3         0         1
14066     RD        3         0         3
14122     ACT       3         1         1
14194     WR        3         1         3
14234     ACT       3         2         1
14306     RD        3         2         3
14362     ACT       2         2         1
14418     WR        2         2         3
14458     ACT       2         1         1
14530     RD        2         1         3
